{
 "cells": [
  {
   "cell_type": "markdown",
   "metadata": {},
   "source": [
    "# Heatmap Tutorial"
   ]
  },
  {
   "cell_type": "markdown",
   "metadata": {},
   "source": [
    "In this tutorial we will explore using ggplot2 to make a heatmap from some 2D data."
   ]
  },
  {
   "cell_type": "markdown",
   "metadata": {},
   "source": [
    "## Requirements"
   ]
  },
  {
   "cell_type": "code",
   "execution_count": 2,
   "metadata": {
    "collapsed": false
   },
   "outputs": [],
   "source": [
    "library(tidyverse) # this includes ggplot2\n",
    "library(readxl) # for reading Excel file"
   ]
  },
  {
   "cell_type": "markdown",
   "metadata": {},
   "source": [
    "Home-made rescale function (equivalent to the rescale() from scales package):"
   ]
  },
  {
   "cell_type": "code",
   "execution_count": 3,
   "metadata": {
    "collapsed": true
   },
   "outputs": [],
   "source": [
    "rescale <- function(vec){\n",
    "    floor = min(vec)\n",
    "    extent = max(vec) - floor\n",
    "    return( as.vector( scale(vec, center=floor, scale=extent) ) )\n",
    "}"
   ]
  },
  {
   "cell_type": "markdown",
   "metadata": {},
   "source": [
    "*Note the default behaviour of scale is to subtract the mean (from center arg) and divide by the standard deviation (from scale arg). See ?scale*"
   ]
  },
  {
   "cell_type": "markdown",
   "metadata": {},
   "source": [
    "## Loading Data"
   ]
  },
  {
   "cell_type": "markdown",
   "metadata": {},
   "source": [
    "We're going to load the data from an Excel file containing toy microarray data in multiple sheets:"
   ]
  },
  {
   "cell_type": "code",
   "execution_count": 4,
   "metadata": {
    "collapsed": true
   },
   "outputs": [],
   "source": [
    "for (i in 1:4) {\n",
    "  assign( paste(\"heat\",i,sep=\"\"), read_excel(\"microarrays.xlsx\",sheet=i) )\n",
    "}"
   ]
  },
  {
   "cell_type": "markdown",
   "metadata": {},
   "source": [
    "The assign function created some objects (one per sheet):"
   ]
  },
  {
   "cell_type": "code",
   "execution_count": 5,
   "metadata": {
    "collapsed": false
   },
   "outputs": [
    {
     "data": {
      "text/html": [
       "<ol class=list-inline>\n",
       "\t<li>'heat1'</li>\n",
       "\t<li>'heat2'</li>\n",
       "\t<li>'heat3'</li>\n",
       "\t<li>'heat4'</li>\n",
       "\t<li>'i'</li>\n",
       "\t<li>'rescale'</li>\n",
       "</ol>\n"
      ],
      "text/latex": [
       "\\begin{enumerate*}\n",
       "\\item 'heat1'\n",
       "\\item 'heat2'\n",
       "\\item 'heat3'\n",
       "\\item 'heat4'\n",
       "\\item 'i'\n",
       "\\item 'rescale'\n",
       "\\end{enumerate*}\n"
      ],
      "text/markdown": [
       "1. 'heat1'\n",
       "2. 'heat2'\n",
       "3. 'heat3'\n",
       "4. 'heat4'\n",
       "5. 'i'\n",
       "6. 'rescale'\n",
       "\n",
       "\n"
      ],
      "text/plain": [
       "[1] \"heat1\"   \"heat2\"   \"heat3\"   \"heat4\"   \"i\"       \"rescale\""
      ]
     },
     "metadata": {},
     "output_type": "display_data"
    }
   ],
   "source": [
    "ls()"
   ]
  },
  {
   "cell_type": "markdown",
   "metadata": {},
   "source": [
    "Let's look at one (because we used the read_excel function this is technically a *tibble* not a dataframe; see: https://github.com/tidyverse/tibble):"
   ]
  },
  {
   "cell_type": "code",
   "execution_count": 6,
   "metadata": {
    "collapsed": false
   },
   "outputs": [
    {
     "data": {
      "text/html": [
       "<table>\n",
       "<thead><tr><th scope=col>X__1</th><th scope=col>pat1</th><th scope=col>pat2</th><th scope=col>pat3</th><th scope=col>pat4</th><th scope=col>pat5</th><th scope=col>pat6</th><th scope=col>pat7</th><th scope=col>pat8</th></tr></thead>\n",
       "<tbody>\n",
       "\t<tr><td>probe1   </td><td>124.76683</td><td>126.10920</td><td>135.74602</td><td>115.66088</td><td>127.85316</td><td> 94.68579</td><td>106.88874</td><td>112.83189</td></tr>\n",
       "\t<tr><td>probe2   </td><td> 90.64869</td><td> 91.21833</td><td>113.45809</td><td>104.54582</td><td> 87.97773</td><td> 73.62054</td><td>119.92695</td><td>100.98199</td></tr>\n",
       "\t<tr><td>probe3   </td><td> 70.21730</td><td> 84.81561</td><td>114.13693</td><td>106.69615</td><td> 99.96476</td><td> 97.83709</td><td> 89.28477</td><td> 93.34369</td></tr>\n",
       "\t<tr><td>probe4   </td><td>101.41644</td><td> 78.54156</td><td> 74.70716</td><td> 77.63485</td><td> 89.83923</td><td>101.67075</td><td>109.24127</td><td>118.12808</td></tr>\n",
       "\t<tr><td>probe5   </td><td> 95.43823</td><td>114.03718</td><td> 80.96197</td><td>142.71641</td><td>106.91837</td><td> 71.61569</td><td>111.20848</td><td>126.88627</td></tr>\n",
       "\t<tr><td>probe6   </td><td>105.23424</td><td> 72.69239</td><td>100.97346</td><td>117.87684</td><td> 69.20016</td><td> 94.89406</td><td>118.11696</td><td>118.90412</td></tr>\n",
       "</tbody>\n",
       "</table>\n"
      ],
      "text/latex": [
       "\\begin{tabular}{r|lllllllll}\n",
       " X\\_\\_1 & pat1 & pat2 & pat3 & pat4 & pat5 & pat6 & pat7 & pat8\\\\\n",
       "\\hline\n",
       "\t probe1    & 124.76683 & 126.10920 & 135.74602 & 115.66088 & 127.85316 &  94.68579 & 106.88874 & 112.83189\\\\\n",
       "\t probe2    &  90.64869 &  91.21833 & 113.45809 & 104.54582 &  87.97773 &  73.62054 & 119.92695 & 100.98199\\\\\n",
       "\t probe3    &  70.21730 &  84.81561 & 114.13693 & 106.69615 &  99.96476 &  97.83709 &  89.28477 &  93.34369\\\\\n",
       "\t probe4    & 101.41644 &  78.54156 &  74.70716 &  77.63485 &  89.83923 & 101.67075 & 109.24127 & 118.12808\\\\\n",
       "\t probe5    &  95.43823 & 114.03718 &  80.96197 & 142.71641 & 106.91837 &  71.61569 & 111.20848 & 126.88627\\\\\n",
       "\t probe6    & 105.23424 &  72.69239 & 100.97346 & 117.87684 &  69.20016 &  94.89406 & 118.11696 & 118.90412\\\\\n",
       "\\end{tabular}\n"
      ],
      "text/markdown": [
       "\n",
       "X__1 | pat1 | pat2 | pat3 | pat4 | pat5 | pat6 | pat7 | pat8 | \n",
       "|---|---|---|---|---|---|\n",
       "| probe1    | 124.76683 | 126.10920 | 135.74602 | 115.66088 | 127.85316 |  94.68579 | 106.88874 | 112.83189 | \n",
       "| probe2    |  90.64869 |  91.21833 | 113.45809 | 104.54582 |  87.97773 |  73.62054 | 119.92695 | 100.98199 | \n",
       "| probe3    |  70.21730 |  84.81561 | 114.13693 | 106.69615 |  99.96476 |  97.83709 |  89.28477 |  93.34369 | \n",
       "| probe4    | 101.41644 |  78.54156 |  74.70716 |  77.63485 |  89.83923 | 101.67075 | 109.24127 | 118.12808 | \n",
       "| probe5    |  95.43823 | 114.03718 |  80.96197 | 142.71641 | 106.91837 |  71.61569 | 111.20848 | 126.88627 | \n",
       "| probe6    | 105.23424 |  72.69239 | 100.97346 | 117.87684 |  69.20016 |  94.89406 | 118.11696 | 118.90412 | \n",
       "\n",
       "\n"
      ],
      "text/plain": [
       "  X__1   pat1      pat2      pat3      pat4      pat5      pat6      pat7     \n",
       "1 probe1 124.76683 126.10920 135.74602 115.66088 127.85316  94.68579 106.88874\n",
       "2 probe2  90.64869  91.21833 113.45809 104.54582  87.97773  73.62054 119.92695\n",
       "3 probe3  70.21730  84.81561 114.13693 106.69615  99.96476  97.83709  89.28477\n",
       "4 probe4 101.41644  78.54156  74.70716  77.63485  89.83923 101.67075 109.24127\n",
       "5 probe5  95.43823 114.03718  80.96197 142.71641 106.91837  71.61569 111.20848\n",
       "6 probe6 105.23424  72.69239 100.97346 117.87684  69.20016  94.89406 118.11696\n",
       "  pat8     \n",
       "1 112.83189\n",
       "2 100.98199\n",
       "3  93.34369\n",
       "4 118.12808\n",
       "5 126.88627\n",
       "6 118.90412"
      ]
     },
     "metadata": {},
     "output_type": "display_data"
    }
   ],
   "source": [
    "heat2"
   ]
  },
  {
   "cell_type": "markdown",
   "metadata": {},
   "source": [
    "## Heatmap with R Base"
   ]
  },
  {
   "cell_type": "markdown",
   "metadata": {},
   "source": [
    "We'll start by making a heatmap using the base package. We need to do some work to convert the tibble (or data frame) into a suitable matrix. Our first problem is that column 1 should be taken out and used to give the row names of a numeric matrix:"
   ]
  },
  {
   "cell_type": "code",
   "execution_count": 7,
   "metadata": {
    "collapsed": false
   },
   "outputs": [],
   "source": [
    "harry <- data.matrix(heat2[,2:9])\n",
    "dimnames(harry) <- list(heat2[[1]], colnames(heat2)[2:9])"
   ]
  },
  {
   "cell_type": "markdown",
   "metadata": {},
   "source": [
    "Note that dimnames takes a list with two items in: row names then column names. The [[1]] notation selects the first column, which we give as row names and the column names must be truncated between we are cutting out the first column. Now, let's take a look at harry:"
   ]
  },
  {
   "cell_type": "code",
   "execution_count": 8,
   "metadata": {
    "collapsed": false
   },
   "outputs": [
    {
     "data": {
      "text/html": [
       "<table>\n",
       "<thead><tr><th></th><th scope=col>pat1</th><th scope=col>pat2</th><th scope=col>pat3</th><th scope=col>pat4</th><th scope=col>pat5</th><th scope=col>pat6</th><th scope=col>pat7</th><th scope=col>pat8</th></tr></thead>\n",
       "<tbody>\n",
       "\t<tr><th scope=row>probe1</th><td>124.76683</td><td>126.10920</td><td>135.74602</td><td>115.66088</td><td>127.85316</td><td> 94.68579</td><td>106.88874</td><td>112.83189</td></tr>\n",
       "\t<tr><th scope=row>probe2</th><td> 90.64869</td><td> 91.21833</td><td>113.45809</td><td>104.54582</td><td> 87.97773</td><td> 73.62054</td><td>119.92695</td><td>100.98199</td></tr>\n",
       "\t<tr><th scope=row>probe3</th><td> 70.21730</td><td> 84.81561</td><td>114.13693</td><td>106.69615</td><td> 99.96476</td><td> 97.83709</td><td> 89.28477</td><td> 93.34369</td></tr>\n",
       "\t<tr><th scope=row>probe4</th><td>101.41644</td><td> 78.54156</td><td> 74.70716</td><td> 77.63485</td><td> 89.83923</td><td>101.67075</td><td>109.24127</td><td>118.12808</td></tr>\n",
       "\t<tr><th scope=row>probe5</th><td> 95.43823</td><td>114.03718</td><td> 80.96197</td><td>142.71641</td><td>106.91837</td><td> 71.61569</td><td>111.20848</td><td>126.88627</td></tr>\n",
       "\t<tr><th scope=row>probe6</th><td>105.23424</td><td> 72.69239</td><td>100.97346</td><td>117.87684</td><td> 69.20016</td><td> 94.89406</td><td>118.11696</td><td>118.90412</td></tr>\n",
       "</tbody>\n",
       "</table>\n"
      ],
      "text/latex": [
       "\\begin{tabular}{r|llllllll}\n",
       "  & pat1 & pat2 & pat3 & pat4 & pat5 & pat6 & pat7 & pat8\\\\\n",
       "\\hline\n",
       "\tprobe1 & 124.76683 & 126.10920 & 135.74602 & 115.66088 & 127.85316 &  94.68579 & 106.88874 & 112.83189\\\\\n",
       "\tprobe2 &  90.64869 &  91.21833 & 113.45809 & 104.54582 &  87.97773 &  73.62054 & 119.92695 & 100.98199\\\\\n",
       "\tprobe3 &  70.21730 &  84.81561 & 114.13693 & 106.69615 &  99.96476 &  97.83709 &  89.28477 &  93.34369\\\\\n",
       "\tprobe4 & 101.41644 &  78.54156 &  74.70716 &  77.63485 &  89.83923 & 101.67075 & 109.24127 & 118.12808\\\\\n",
       "\tprobe5 &  95.43823 & 114.03718 &  80.96197 & 142.71641 & 106.91837 &  71.61569 & 111.20848 & 126.88627\\\\\n",
       "\tprobe6 & 105.23424 &  72.69239 & 100.97346 & 117.87684 &  69.20016 &  94.89406 & 118.11696 & 118.90412\\\\\n",
       "\\end{tabular}\n"
      ],
      "text/markdown": [
       "\n",
       "| <!--/--> | pat1 | pat2 | pat3 | pat4 | pat5 | pat6 | pat7 | pat8 | \n",
       "|---|---|---|---|---|---|\n",
       "| probe1 | 124.76683 | 126.10920 | 135.74602 | 115.66088 | 127.85316 |  94.68579 | 106.88874 | 112.83189 | \n",
       "| probe2 |  90.64869 |  91.21833 | 113.45809 | 104.54582 |  87.97773 |  73.62054 | 119.92695 | 100.98199 | \n",
       "| probe3 |  70.21730 |  84.81561 | 114.13693 | 106.69615 |  99.96476 |  97.83709 |  89.28477 |  93.34369 | \n",
       "| probe4 | 101.41644 |  78.54156 |  74.70716 |  77.63485 |  89.83923 | 101.67075 | 109.24127 | 118.12808 | \n",
       "| probe5 |  95.43823 | 114.03718 |  80.96197 | 142.71641 | 106.91837 |  71.61569 | 111.20848 | 126.88627 | \n",
       "| probe6 | 105.23424 |  72.69239 | 100.97346 | 117.87684 |  69.20016 |  94.89406 | 118.11696 | 118.90412 | \n",
       "\n",
       "\n"
      ],
      "text/plain": [
       "       pat1      pat2      pat3      pat4      pat5      pat6      pat7     \n",
       "probe1 124.76683 126.10920 135.74602 115.66088 127.85316  94.68579 106.88874\n",
       "probe2  90.64869  91.21833 113.45809 104.54582  87.97773  73.62054 119.92695\n",
       "probe3  70.21730  84.81561 114.13693 106.69615  99.96476  97.83709  89.28477\n",
       "probe4 101.41644  78.54156  74.70716  77.63485  89.83923 101.67075 109.24127\n",
       "probe5  95.43823 114.03718  80.96197 142.71641 106.91837  71.61569 111.20848\n",
       "probe6 105.23424  72.69239 100.97346 117.87684  69.20016  94.89406 118.11696\n",
       "       pat8     \n",
       "probe1 112.83189\n",
       "probe2 100.98199\n",
       "probe3  93.34369\n",
       "probe4 118.12808\n",
       "probe5 126.88627\n",
       "probe6 118.90412"
      ]
     },
     "metadata": {},
     "output_type": "display_data"
    }
   ],
   "source": [
    "harry"
   ]
  },
  {
   "cell_type": "markdown",
   "metadata": {},
   "source": [
    "That's better, but for the graph we are about to draw we need to transpose this matrix (rotate so the columns become rows and vice versa):"
   ]
  },
  {
   "cell_type": "code",
   "execution_count": 9,
   "metadata": {
    "collapsed": false
   },
   "outputs": [
    {
     "data": {
      "text/html": [
       "<table>\n",
       "<thead><tr><th></th><th scope=col>probe1</th><th scope=col>probe2</th><th scope=col>probe3</th><th scope=col>probe4</th><th scope=col>probe5</th><th scope=col>probe6</th></tr></thead>\n",
       "<tbody>\n",
       "\t<tr><th scope=row>pat1</th><td>124.76683</td><td> 90.64869</td><td> 70.21730</td><td>101.41644</td><td> 95.43823</td><td>105.23424</td></tr>\n",
       "\t<tr><th scope=row>pat2</th><td>126.10920</td><td> 91.21833</td><td> 84.81561</td><td> 78.54156</td><td>114.03718</td><td> 72.69239</td></tr>\n",
       "\t<tr><th scope=row>pat3</th><td>135.74602</td><td>113.45809</td><td>114.13693</td><td> 74.70716</td><td> 80.96197</td><td>100.97346</td></tr>\n",
       "\t<tr><th scope=row>pat4</th><td>115.66088</td><td>104.54582</td><td>106.69615</td><td> 77.63485</td><td>142.71641</td><td>117.87684</td></tr>\n",
       "\t<tr><th scope=row>pat5</th><td>127.85316</td><td> 87.97773</td><td> 99.96476</td><td> 89.83923</td><td>106.91837</td><td> 69.20016</td></tr>\n",
       "\t<tr><th scope=row>pat6</th><td> 94.68579</td><td> 73.62054</td><td> 97.83709</td><td>101.67075</td><td> 71.61569</td><td> 94.89406</td></tr>\n",
       "\t<tr><th scope=row>pat7</th><td>106.88874</td><td>119.92695</td><td> 89.28477</td><td>109.24127</td><td>111.20848</td><td>118.11696</td></tr>\n",
       "\t<tr><th scope=row>pat8</th><td>112.83189</td><td>100.98199</td><td> 93.34369</td><td>118.12808</td><td>126.88627</td><td>118.90412</td></tr>\n",
       "</tbody>\n",
       "</table>\n"
      ],
      "text/latex": [
       "\\begin{tabular}{r|llllll}\n",
       "  & probe1 & probe2 & probe3 & probe4 & probe5 & probe6\\\\\n",
       "\\hline\n",
       "\tpat1 & 124.76683 &  90.64869 &  70.21730 & 101.41644 &  95.43823 & 105.23424\\\\\n",
       "\tpat2 & 126.10920 &  91.21833 &  84.81561 &  78.54156 & 114.03718 &  72.69239\\\\\n",
       "\tpat3 & 135.74602 & 113.45809 & 114.13693 &  74.70716 &  80.96197 & 100.97346\\\\\n",
       "\tpat4 & 115.66088 & 104.54582 & 106.69615 &  77.63485 & 142.71641 & 117.87684\\\\\n",
       "\tpat5 & 127.85316 &  87.97773 &  99.96476 &  89.83923 & 106.91837 &  69.20016\\\\\n",
       "\tpat6 &  94.68579 &  73.62054 &  97.83709 & 101.67075 &  71.61569 &  94.89406\\\\\n",
       "\tpat7 & 106.88874 & 119.92695 &  89.28477 & 109.24127 & 111.20848 & 118.11696\\\\\n",
       "\tpat8 & 112.83189 & 100.98199 &  93.34369 & 118.12808 & 126.88627 & 118.90412\\\\\n",
       "\\end{tabular}\n"
      ],
      "text/markdown": [
       "\n",
       "| <!--/--> | probe1 | probe2 | probe3 | probe4 | probe5 | probe6 | \n",
       "|---|---|---|---|---|---|---|---|\n",
       "| pat1 | 124.76683 |  90.64869 |  70.21730 | 101.41644 |  95.43823 | 105.23424 | \n",
       "| pat2 | 126.10920 |  91.21833 |  84.81561 |  78.54156 | 114.03718 |  72.69239 | \n",
       "| pat3 | 135.74602 | 113.45809 | 114.13693 |  74.70716 |  80.96197 | 100.97346 | \n",
       "| pat4 | 115.66088 | 104.54582 | 106.69615 |  77.63485 | 142.71641 | 117.87684 | \n",
       "| pat5 | 127.85316 |  87.97773 |  99.96476 |  89.83923 | 106.91837 |  69.20016 | \n",
       "| pat6 |  94.68579 |  73.62054 |  97.83709 | 101.67075 |  71.61569 |  94.89406 | \n",
       "| pat7 | 106.88874 | 119.92695 |  89.28477 | 109.24127 | 111.20848 | 118.11696 | \n",
       "| pat8 | 112.83189 | 100.98199 |  93.34369 | 118.12808 | 126.88627 | 118.90412 | \n",
       "\n",
       "\n"
      ],
      "text/plain": [
       "     probe1    probe2    probe3    probe4    probe5    probe6   \n",
       "pat1 124.76683  90.64869  70.21730 101.41644  95.43823 105.23424\n",
       "pat2 126.10920  91.21833  84.81561  78.54156 114.03718  72.69239\n",
       "pat3 135.74602 113.45809 114.13693  74.70716  80.96197 100.97346\n",
       "pat4 115.66088 104.54582 106.69615  77.63485 142.71641 117.87684\n",
       "pat5 127.85316  87.97773  99.96476  89.83923 106.91837  69.20016\n",
       "pat6  94.68579  73.62054  97.83709 101.67075  71.61569  94.89406\n",
       "pat7 106.88874 119.92695  89.28477 109.24127 111.20848 118.11696\n",
       "pat8 112.83189 100.98199  93.34369 118.12808 126.88627 118.90412"
      ]
     },
     "metadata": {},
     "output_type": "display_data"
    }
   ],
   "source": [
    "harry <- t(harry) # t stands for transpose\n",
    "harry"
   ]
  },
  {
   "cell_type": "markdown",
   "metadata": {},
   "source": [
    "That was complex. Now we're in a position to create a heatmap. You might notice a few awkward bits. First, the matrix function plots the row names along the x axis (that's why we had to transpose). Second, the heatmap colours get redder as they decrease so we had to use the rev() to reverse them:"
   ]
  },
  {
   "cell_type": "code",
   "execution_count": 10,
   "metadata": {
    "collapsed": false
   },
   "outputs": [
    {
     "data": {
      "image/png": "iVBORw0KGgoAAAANSUhEUgAAA0gAAANICAYAAAD958/bAAAEDWlDQ1BJQ0MgUHJvZmlsZQAA\nOI2NVV1oHFUUPrtzZyMkzlNsNIV0qD8NJQ2TVjShtLp/3d02bpZJNtoi6GT27s6Yyc44M7v9\noU9FUHwx6psUxL+3gCAo9Q/bPrQvlQol2tQgKD60+INQ6Ium65k7M5lpurHeZe58853vnnvu\nuWfvBei5qliWkRQBFpquLRcy4nOHj4g9K5CEh6AXBqFXUR0rXalMAjZPC3e1W99Dwntf2dXd\n/p+tt0YdFSBxH2Kz5qgLiI8B8KdVy3YBevqRHz/qWh72Yui3MUDEL3q44WPXw3M+fo1pZuQs\n4tOIBVVTaoiXEI/MxfhGDPsxsNZfoE1q66ro5aJim3XdoLFw72H+n23BaIXzbcOnz5mfPoTv\nYVz7KzUl5+FRxEuqkp9G/Ajia219thzg25abkRE/BpDc3pqvphHvRFys2weqvp+krbWKIX7n\nhDbzLOItiM8358pTwdirqpPFnMF2xLc1WvLyOwTAibpbmvHHcvttU57y5+XqNZrLe3lE/Pq8\neUj2fXKfOe3pfOjzhJYtB/yll5SDFcSDiH+hRkH25+L+sdxKEAMZahrlSX8ukqMOWy/jXW2m\n6M9LDBc31B9LFuv6gVKg/0Szi3KAr1kGq1GMjU/aLbnq6/lRxc4XfJ98hTargX++DbMJBSiY\nMIe9Ck1YAxFkKEAG3xbYaKmDDgYyFK0UGYpfoWYXG+fAPPI6tJnNwb7ClP7IyF+D+bjOtCpk\nhz6CFrIa/I6sFtNl8auFXGMTP34sNwI/JhkgEtmDz14ySfaRcTIBInmKPE32kxyyE2Tv+thK\nbEVePDfW/byMM1Kmm0XdObS7oGD/MypMXFPXrCwOtoYjyyn7BV29/MZfsVzpLDdRtuIZnbpX\nzvlf+ev8MvYr/Gqk4H/kV/G3csdazLuyTMPsbFhzd1UabQbjFvDRmcWJxR3zcfHkVw9GfpbJ\nmeev9F08WW8uDkaslwX6avlWGU6NRKz0g/SHtCy9J30o/ca9zX3Kfc19zn3BXQKRO8ud477h\nLnAfc1/G9mrzGlrfexZ5GLdn6ZZrrEohI2wVHhZywjbhUWEy8icMCGNCUdiBlq3r+xafL549\nHQ5jH+an+1y+LlYBifuxAvRN/lVVVOlwlCkdVm9NOL5BE4wkQ2SMlDZU97hX86EilU/lUmkQ\nUztTE6mx1EEPh7OmdqBtAvv8HdWpbrJS6tJj3n0CWdM6busNzRV3S9KTYhqvNiqWmuroiKgY\nhshMjmhTh9ptWhsF7970j/SbMrsPE1suR5z7DMC+P/Hs+y7ijrQAlhyAgccjbhjPygfeBTjz\nhNqy28EdkUh8C+DU9+z2v/oyeH791OncxHOs5y2AtTc7nb/f73TWPkD/qwBnjX8BoJ98VVBg\n/m8AAEAASURBVHgB7N0LuGxlfR/+c+BwEQ0gilYkoCFRRDQabzFB+UcTjUiUak3xfolRFGtT\nsTVqDGn/gqmmiTYSRWxLjMbYViOiEY3UC95DYmk1AiqIAhFFAxJF4BxOvz+Y6TM53WfOnj2X\n9c6az/s8X9aaNevyvp932Of8zpqZvWmTRoAAAQIECBAgQIAAAQIECBAgQIAAAQIECBAgQIAA\nAQIECBAgQIAAAQIECBAgQIAAAQIECBAgQIAAAQIECBAgQIAAAQIECBAgQIAAAQIECBAgQIAA\nAQIECBAgQIAAAQIECBAgQIAAAQIECBAgQIAAAQIECBAgQIAAAQIECBAgQIAAAQIECBAgQIAA\nAQIECBAgQIAAAQIECBAgQIAAAQIECBAgQIAAAQIECBAgQIAAAQIECBAgQIAAAQIECBAgQIAA\nAQIECBAgQIAAAQIECBAgQIAAAQIECBAgQIAAAQIECBAgQIAAAQIECBAgQIAAAQIECBAgQIAA\nAQIECBAgQIAAAQIECBAgQIAAAQIECBAgQIAAAQIECBAgQIAAAQIECBAgQIAAAQIECBAgQIAA\nAQIECBAgQIAAAQIECBAgQIAAAQIECBAgQIAAAQIECBAgQIAAAQIECBAgQIAAAQIECBAgQIAA\nAQIECBAgQIAAAQIECBAgQIAAAQIECBAgQIAAAQIECBAgQIAAAQIECBAgQIAAAQIECBAgQIAA\nAQIECBAgQIAAAQIECBAgQIAAAQIECBAgQIAAAQIECBAgQIAAAQIECBAgQIAAAQIECBAgQIAA\nAQIECBAgQIAAAQIECBAgQIAAAQIECBAgQIAAAQIECBAgQIAAAQIECBAgQIAAAQIECBAgQIAA\nAQIECBAgQIAAAQIECBAgQIAAAQIECBAgQIAAAQIECBAgQIAAAQIECBAgQIAAAQIECBAgQIAA\nAQIECBAgQIAAAQIECBAgQIAAAQIECBAgQIAAAQIECBAgQIAAAQIECBAgQIAAAQIECBAgQIAA\nAQIECBAgQIAAAQIECBAgQIAAAQIECBAgQIAAAQIECBAgQIAAAQIECBAgQIAAAQIECBAgQIAA\nAQIECBAgQIAAAQIECBAgQIAAAQIECBAgQIAAAQIECBAgQIAAAQIECBAgQIAAAQIECBAgQIAA\nAQIECBAgQIAAAQIECBAgQIAAAQIECBAgQIAAAQIECBAgQIAAAQIECBAgQIAAAQIECBAgQIAA\nAQIECBAgQIAAAQIECBAgQIAAAQIECBAgQIAAAQIECBAgQIAAAQIECBAgQIAAAQIECBAgQIAA\nAQIECBAgQIAAAQIECBAgQIAAAQIECBAgQIAAAQIECBAgQIAAAQIECBAgQIAAAQIECBAgQIAA\nAQIECBAgQIAAAQIECBAgQIAAAQIECBAgQIAAAQIECBAgQIAAAQIECBAgQIAAAQIECBAgQIAA\nAQIECBAgQIAAAQIECBAgQIAAAQIECBAgQIAAAQIECBAgQIAAAQIECBAgQIAAAQIECBAgQIAA\nAQIECBAgQIAAAQIECBAgQIAAAQIECBAgQIAAAQIECBAgQIAAAQIECBAgQIAAAQIECBAgQIAA\nAQIECBAgQIAAAQIECBAgQIAAAQIECBAgQIAAAQIECBAgQIAAAQIECBAgQIAAAQIECBAgQIAA\nAQIECBAgQIAAAQIECBAgQIAAAQIECBAgQIAAAQIECBAgQIAAAQIECBAgQIAAAQIECBAgQIAA\nAQIECBAgQIAAAQIECBAgQIAAAQIECBAgQIAAAQIECBAgQIAAAQIECBAgQIAAAQIECBAgQIAA\nAQIECBAgQIAAAQIECBAgQIAAAQIECBAgQIAAAQIECBAgQIAAAQIECBAgQIAAAQIECBAgQIAA\nAQIECBAgQIAAAQIECBAgQIAAAQIECBAgQIAAAQIECBAgQIAAAQIECBAgQIAAAQIECBAgQIAA\nAQIECBAgQIAAAQIECBAgQIAAAQIECBAgQIAAAQIECBAgQIAAAQIECBAgQIAAAQIECBAgQIAA\nAQIECBAgQIAAAQIECBAgQIAAAQIECBAgQIAAAQIECBAgQIAAAQIECBAgQIAAAQIECBAgQIAA\ngWUR2LwsHe17P7eetfdTN23e9PC+j7OL8e3+K+d1cdneX3Pb2Q/r/Rg7G+AHt3d26T5fePc/\n+mSfh9fZ2G7+ytGdXbvvF97+B9v6PsRuxndpN5ft+1W33bz9E3t9+MZ39GGcW/owiF6MIcXR\n5s2bn9eLsTQ3CP8OMI8pyet1Hqd1zghsRzun1wHYecD6UTAP1VvPuR3u/HCdeeYCu+92yyl7\nUSDdOpSZEzkhAQIECBAgQIAAAQIElk9AgbR8c6bHBAgQIECAAAECBAjMSUCBNCdYpyVAgAAB\nAgQIECBAYPkEFEjLN2d6TIAAAQIECBAgQIDAnAQUSHOCdVoCBAgQIECAAAECBJZPQIG0fHOm\nxwQIECBAgAABAgQIzElAgTQnWKclQIAAAQIECBAgQGD5BBRIyzdnekyAAAECBAgQIECAwJwE\nFEhzgnVaAgQIECBAgAABAgSWT0CBtHxzpscECBAgQIAAAQIECMxJQIE0J1inJUCAAAECBAgQ\nIEBg+QQUSMs3Z3pMgAABAgQIECBAgMCcBBRIc4J1WgIECBAgQIAAAQIElk9AgbR8c6bHBAgQ\nIECAAAECBAjMSUCBNCdYpyVAgAABAgQIECBAYPkEFEjLN2d6TIAAAQIECBAgQIDAnAQUSHOC\ndVoCBAgQIECAAAECBJZPQIG0fHOmxwQIECBAgAABAgQIzElAgTQnWKclQIAAAQIECBAgQGD5\nBBRIyzdnekyAAAECBAgQIECAwJwEFEhzgnVaAgQIECBAgAABAgSWT0CBtHxzpscECBAgQIAA\nAQIECMxJQIE0J1inJUCAAAECBAgQIEBg+QQUSMs3Z3pMgAABAgQIECBAgMCcBBRIc4J1WgIE\nCBAgQIAAAQIElk9AgbR8c6bHBAgQIECAAAECBAjMSUCBNCdYpyVAgAABAgQIECBAYPkEFEjL\nN2d6TIAAAQIECBAgQIDAnAQUSHOCdVoCBAgQIECAAAECBJZPQIG0fHOmxwQIECBAgAABAgQI\nzElAgTQnWKclQIAAAQIECBAgQGD5BBRIyzdnekyAAAECBAgQIECAwJwEFEhzgnVaAgQIECBA\ngAABAgSWT0CBtHxzpscECBAgQIAAAQIECMxJQIE0J1inJUCAAAECBAgQIEBg+QQUSMs3Z3pM\ngAABAgQIECBAgMCcBBRIc4J1WgIECBAgQIAAAQIElk9AgbR8c6bHBAgQIECAAAECBAjMSUCB\nNCdYpyVAgAABAgQIECBAYPkEFEjLN2d6TIAAAQIECBAgQIDAnAQUSHOCdVoCBAgQIECAAAEC\nBJZPQIG0fHOmxwQIECBAgAABAgQIzElAgTQnWKclQIAAAQIECBAgQGD5BBRIyzdnekyAAAEC\nBAgQIECAwJwEFEhzgnVaAgQIECBAgAABAgSWT0CBNH7ONo9/2rMECBAgQIAAAQIECPRJoO8F\n0mWZrCM3MGEvyTFfTv538sZk90QjQIAAAQIECBAgQKDnAn0vkDYyfY/IQU9LHpTcL7l9cnyi\nESBAgAABAgQIECDQc4FWC6T7xP2dyZnJt5Ozkjsl1V6WvCq5PHlDUmM4MflCckVycjI6rmfm\n8ZXJxcmxybAdnZULkmuS9yR3TKr9evJHyQ+SfZKnJu9INAIECBAgQIAAAQIEei6wpdHx7Z1+\n1V2b1yaHJ69Jzkgen1ShVEXPc5MqfF6YnJA8J6nxnJlUofTWpNpRSRVDD07eldwtqXZ2Usee\nm5yavDw5KTkkOTipc1fRVPtVX25M1tsOyI6/m+y5zgP2vOfzfvSIi8+4zTp3txsBAgQIECBA\ngAABAvMQGL3TMo/zT3POrTn41cn3ktclj032SqpV0fLe5PPJU5Iqhmr908mZydOTYTstK19J\n6i7QpUndRXpC8qXkfUndKTolOSapVgXYk5NfTKo4+8nk0ck8235f+9amO9940/Z5XsO5CRAg\nQIAAAQIECBDYhUDdcWm1VQFz3aBzX83yh8mhg8eXD5a1qG2fGXlc688eefzZkfXzs35QsndS\nb+O7KBltd82DestdvaWvrl/tj5MnJVWUrbdVUfe89e6c/R6aDAu0CQ6zKwECBAgQIECAAAEC\nsxRo+Q7S3TPQ4bfH1dve9km+ORj8tsGyFlcn9x55XIXPJSOPqyAatiOy8q3k80ndbbrLSB6Q\n9SuTusawMMvqLW+tu22taAQIECBAgAABAgQI9Fug5QJp39Afl2xOnpV8Krk+2bF9KBuenOyX\n1Gd/6m5P7Tts9Xa6avdPjkw+MshDBtuyuOVb687Jsjz+NHlOUh8Iul1Snz/6aKIRIECAAAEC\nBAgQINBzgZbfYndV7E9OXp/U29529ha0U/Pc25NLk/rc0oeT2jZsB2blwuTg5MXJZUm1VyTn\nJVckVXidkNSdqT9PHp7UXajtSRVHf5RoBAgQIECAAAECBAj0XKDlAqmKovsmdVeoPtMzbCcN\nVwbL2u/YpO443ZSM3mU6NI+r1d2l2n5jPRi007J8c7J/8t3BtlpUkVSF1MuS8hl9u10eagQI\nECBAgAABAgQI9FWg5QJpaD5aHA23rbX8/lobB9uu3clzVQyNFkeju40WWqPbrRMgQIAAAQIE\nCBAg0FOBVj+DVG+Xe2VPzQ2LAAECBAgQIECAAIFGBVotkOqb6d7dqJluESBAgAABAgQIECDQ\nU4FWC6SechsWAQIECBAgQIAAAQItCyiQWp4dfSNAgAABAgQIECBAYKECCqSFcrsYAQIECBAg\nQIAAAQItCyiQWp4dfSNAgAABAgQIECBAYKECCqSFcrsYAQIECBAgQIAAAQItCyiQWp4dfSNA\ngAABAgQIECBAYKECCqSFcrsYAQIECBAgQIAAAQItCyiQWp4dfSNAgAABAgQIECBAYKECCqSF\ncrsYAQIECBAgQIAAAQItCyiQWp4dfSNAgAABAgQIECBAYKECCqSFcrsYAQIECBAgQIAAAQIt\nCyiQWp4dfSNAgAABAgQIECBAYKECCqSFcrsYAQIECBAgQIAAAQItCyiQWp4dfSNAgAABAgQI\nECBAYKECCqSFcrsYAQIECBAgQIAAAQItCyiQWp4dfSNAgAABAgQIECBAYKECCqSFcrsYAQIE\nCBAgQIAAAQItCyiQWp4dfSNAgAABAgQIECBAYKECCqSFcrsYAQIECBAgQIAAAQItCyiQWp4d\nfSNAgAABAgQIECBAYKECCqSFcrsYAQIECBAgQIAAAQItCyiQWp4dfSNAgAABAgQIECBAYKEC\nCqSFcrsYAQIECBAgQIAAAQItCyiQWp4dfSNAgAABAgQIECBAYKECCqSFcrsYAQIECBAgQIAA\nAQItCyiQWp4dfSNAgAABAgQIECBAYKECCqSFcrsYAQIECBAgQIAAAQItCyiQWp4dfSNAgAAB\nAgQIECBAYKECCqSFcrsYAQIECBAgQIAAAQItCyiQWp4dfSNAgAABAgQIECBAYKECCqSFcrsY\nAQIECBAgQIAAAQItCyiQWp4dfSNAgAABAgQIECBAYKECCqSFcrsYAQIECBAgQIAAAQItCyiQ\nWp4dfSNAgAABAgQIECBAYKECCqSFcrsYAQIECBAgQIAAAQItCyiQWp4dfSNAgAABAgQIECBA\nYKECCqSFcrsYAQIECBAgQIAAAQItCyiQWp4dfSNAgAABAgQIECBAYKECCqSFcrsYAQIECBAg\nQIAAAQItCyiQWp4dfSNAgAABAgQIECBAYKECCqSFcrsYAQIECBAgQIAAAQItCyiQWp4dfSNA\ngAABAgQIECBAYKECCqSFcrsYAQIECBAgQIAAAQItC2xpuXOr1rfN99y8afOem1dt2HMf77YT\nj5r7NVbxAruf9rxVHPZCxrz1V05fyHVW7SI3H/awVRvyQsa720vOW8h1VvEim71m5zLt28+9\neS7nXfmTbu+PgDtI/ZlLIyFAgAABAgQIECBAYEoBBdKUgA4nQIAAAQIECBAgQKA/Agqk/syl\nkRAgQIAAAQIECBAgMKWAAmlKQIcTIECAAAECBAgQINAfAQVSf+bSSAgQIECAAAECBAgQmFJA\ngTQloMMJECBAgAABAgQIEOiPgAKpP3NpJAQIECBAgAABAgQITCmgQJoS0OEECBAgQIAAAQIE\nCPRHQIHUn7k0EgIECBAgQIAAAQIEphRQIE0J6HACBAgQIECAAAECBPojoEDqz1waCQECBAgQ\nIECAAAECUwookKYEdDgBAgQIECBAgAABAv0RUCD1Zy6NhAABAgQIECBAgACBKQUUSFMCOpwA\nAQIECBAgQIAAgf4IKJD6M5dGQoAAAQIECBAgQIDAlAIKpCkBHU6AAAECBAgQIECAQH8EFEj9\nmUsjIUCAAAECBAgQIEBgSgEF0pSADidAgAABAgQIECBAoD8CCqT+zKWRECBAgAABAgQIECAw\npYACaUpAhxMgQIAAAQIECBAg0B8BBVJ/5tJICBAgQIAAAQIECBCYUkCBNCWgwwkQIECAAAEC\nBAgQ6I+AAqk/c2kkBAgQIECAAAECBAhMKaBAmhLQ4QQIECBAgAABAgQI9EdAgdSfuTQSAgQI\nECBAgAABAgSmFFAgTQnocAIECBAgQIAAAQIE+iOgQOrPXBoJAQIECBAgQIAAAQJTCiiQpgR0\nOAECBAgQIECAAAEC/RFQIPVnLo2EAAECBAgQIECAAIEpBRRIUwI6nAABAgQIECBAgACB/ggo\nkPozl0ZCgAABAgQIECBAgMCUAgqkKQEdToAAAQIECBAgQIBAfwQUSP2ZSyMhQIAAAQIECBAg\nQGBKAQXSlIAOJ0CAAAECBAgQIECgPwIKpP7MpZEQIECAAAECBAgQIDClgAJpSkCHEyBAgAAB\nAgQIECDQHwEFUn/m0kgIECBAgAABAgQIEJhSQIE0JaDDCRAgQIAAAQIECBDoj4ACqT9zaSQE\nCBAgQIAAAQIECEwpoECaEtDhBAgQIECAAAECBAj0R0CB1J+5NBICBAgQIECAAAECBKYUUCBN\nCehwAgQIECBAgAABAgT6I6BA6s9cGgkBAgQIECBAgAABAlMKKJCmBHQ4AQIECBAgQIAAAQL9\nEVAg9WcujYQAAQIECBAgQIAAgSkFFEhTAjqcAAECBAgQIECAAIH+CPS9QLosU3XkBqbrr3LM\nN0by/A2cwyEECBAgQIAAAQIECCyZwJYl6+8iunuHXOSw5MeT7YML3jhYWhAgQIAAAQIECBAg\n0GOBVu8g3Sfm70zOTL6dnJXcKan2suRVyeXJG5Iaw4nJF5IrkpOT0XE9M4+vTC5Ojk2G7eis\nXJBck7wnuWNS7X7JXyebk59KqjjammgECBAgQIAAAQIECPRcoNU7SHvH/fjktcnhyWuSM5LH\nJ1UoVdHz3KQKnxcmJyTPSWo8ZyZVKL01qXZUUsXQg5N3JXdLqp2d1LHnJqcmL09OSqpAundy\nflJ3kS5KHpFUIbXetld2fFayxzoPuNs697MbAQIECBAgQIAAAQJzFGi1QKoh112bVyfXJa9L\nLkyq8KhWxc17b1nbtOn1WVYx9PnB4zOzfHoyLJBOy/pXBqkiqO4i7Zl8KXlfUu2UpM5ZBdK3\nkjpnFWcHJLXPryZvSdbbDsyOz0vqOutpt1nPTvYhQIAAAQIECBAgQGC+Ai0XSFXAVHFU7avJ\nD5ND60Ha5bcubvlvbfvMyONaf/bI48+OrNddoYOSvZN6G1/dHRptd82Dd4xs+F7W35ZMWiBV\n/x4wcp5drT40O3x6Vzt5ngABAgQIECBAgACB+QqMflZnvlea/Ox3zyG7Dw47JMt9km8OHm8b\nLGtxdVJviRu2KnwuGT7IsgqiYTsiK3WHqO42VUFyl5FUQXNl8tTkQcmw1d2d7wwfWBIgQIAA\nAQIECBAg0F+BlgukfcN+XFJflvCs5FPJ9cmO7UPZ8ORkv6TeEvekpPYdticMVu6f5ZHJRwZ5\nSJa1rdrTknOS8rh9cmqyR3KHpN6uV2+z0wgQIECAAAECBAgQ6LlAy2+xuyr2Jyf1eaBrkmOS\ntVoVM29PLk22Jh9Oatuw1eeB6vNLBycvTi5Lqr0iOS+5IqnC64Sk7kydmfx88uWkCqT6hrt3\nJxoBAgQIECBAgAABAj0XaLlAqqLovkndFfreyDycNLJeq7VfffHCvslNyehdpuFnluruUm2/\nMRm207Ly5mT/5LvDjVn+Q1J3pOotfdXqs08aAQIECBAgQIAAAQIrINBygTTkHy2OhtvWWn5/\nrY2Dbdfu5Lm6YzRaHI3upjAa1bBOgAABAgQIECBAYAUEWv0MUr1d7pUr4G+IBAgQIECAAAEC\nBAg0JNBqgVTfTOdzPw29UHSFAAECBAgQIECAwCoItFogrYK9MRIgQIAAAQIECBAg0JiAAqmx\nCdEdAgQIECBAgAABAgS6E1AgdWfvygQIECBAgAABAgQINCagQGpsQnSHAAECBAgQIECAAIHu\nBBRI3dm7MgECBAgQIECAAAECjQkokBqbEN0hQIAAAQIECBAgQKA7AQVSd/auTIAAAQIECBAg\nQIBAYwIKpMYmRHcIECBAgAABAgQIEOhOQIHUnb0rEyBAgAABAgQIECDQmIACqbEJ0R0CBAgQ\nIECAAAECBLoTUCB1Z+/KBAgQIECAAAECBAg0JqBAamxCdIcAAQIECBAgQIAAge4EFEjd2bsy\nAQIECBAgQIAAAQKNCSiQGpsQ3SFAgAABAgQIECBAoDsBBVJ39q5MgAABAgQIECBAgEBjAgqk\nxiZEdwgQIECAAAECBAgQ6E5AgdSdvSsTIECAAAECBAgQINCYgAKpsQnRHQIECBAgQIAAAQIE\nuhNQIHVn78oECBAgQIAAAQIECDQmoEBqbEJ0hwABAgQIECBAgACB7gQUSN3ZuzIBAgQIECBA\ngAABAo0JKJAamxDdIUCAAAECBAgQIECgOwEFUnf2rkyAAAECBAgQIECAQGMCCqTGJkR3CBAg\nQIAAAQIECBDoTkCB1J29KxMgQIAAAQIECBAg0JiAAqmxCdEdAgQIECBAgAABAgS6E1AgdWfv\nygQIECBAgAABAgQINCagQGpsQnSHAAECBAgQIECAAIHuBBRI3dm7MgECBAgQIECAAAECjQko\nkBqbEN0hQIAAAQIECBAgQKA7AQVSd/auTIAAAQIECBAgQIBAYwIKpMYmRHcIECBAgAABAgQI\nEOhOQIHUnb0rEyBAgAABAgQIECDQmIACqbEJ0R0CBAgQIECAAAECBLoTUCB1Z+/KBAgQIECA\nAAECBAg0JqBAamxCdIcAAQIECBAgQIAAge4EFEjd2bsyAQIECBAgQIAAAQKNCSiQGpsQ3SFA\ngAABAgQIECBAoDsBBVJ39q5MgAABAgQIECBAgEBjAgqkxiZEdwgQIECAAAECBAgQ6E5AgdSd\nvSsTIECAAAECBAgQINCYgAKpsQnRHQIECBAgQIAAAQIEuhNQIHVn78oECBAgQIAAAQIECDQm\nsKWx/qx0d7ZftH3T9j1WmmAug9/9tOfN5bxO+gwEcxLYsn1OJ1750/6nlReYB8DN73/YPE7r\nnATmJ/DIzfM79yqfeXv+8Lq4HwDuIPVjHo2CAAECBAgQIECAAIEZCCiQZoDoFAQIECBAgAAB\nAgQI9ENAgdSPeTQKAgQIECBAgAABAgRmIKBAmgGiUxAgQIAAAQIECBAg0A8BBVI/5tEoCBAg\nQIAAAQIECBCYgYACaQaITkGAAAECBAgQIECAQD8EFEj9mEejIECAAAECBAgQIEBgBgIKpBkg\nOgUBAgQIECBAgAABAv0QUCD1Yx6NggABAgQIECBAgACBGQgokGaA6BQECBAgQIAAAQIECPRD\nQIHUj3k0CgIECBAgQIAAAQIEZiCgQJoBolMQIECAAAECBAgQINAPAQVSP+bRKAgQIECAAAEC\nBAgQmIGAAmkGiE5BgAABAgQIECBAgEA/BBRI/ZhHoyBAgAABAgQIECBAYAYCCqQZIDoFAQIE\nCBAgQIAAAQL9EFAg9WMejYIAAQIECBAgQIAAgRkIKJBmgOgUBAgQIECAAAECBAj0Q0CB1I95\nNAoCBAgQIECAAAECBGYgoECaAaJTECBAgAABAgQIECDQDwEFUj/m0SgIECBAgAABAgQIEJiB\ngAJpBohOQYAAAQIECBAgQIBAPwQUSP2YR6MgQIAAAQIECBAgQGAGAgqkGSA6BQECBAgQIECA\nAAEC/RBQIPVjHo2CAAECBAgQIECAAIEZCCiQZoDoFAQIECBAgAABAgQI9ENAgdSPeTQKAgQI\nECBAgAABAgRmIKBAmgGiUxAgQIAAAQIECBAg0A8BBVI/5tEoCBAgQIAAAQIECBCYgYACaQaI\nTkGAAAECBAgQIECAQD8EFEj9mEejIECAAAECBAgQIEBgBgIKpBkgOgUBAgQIECBAgAABAv0Q\nUCD1Yx6NggABAgQIECBAgACBGQgokGaA6BQECBAgQIAAAQIECPRDQIHUj3k0CgIECBAgQIAA\nAQIEZiCgQJoBolMQIECAAAECBAgQINAPAQVSP+bRKAgQIECAAAECBAgQmIGAAmkGiE5BgAAB\nAgQIECBAgEA/BBRI/ZhHoyBAgAABAgQIECBAYAYCCqQZIDoFAQIECBAgQIAAAQL9EFAg9WMe\njYIAAQIECBAgQIAAgRkIKJBmgOgUBAgQIECAAAECBAj0Q0CB1I95NAoCBAgQIECAAAECBGYg\noECaAaJTECBAgAABAgQIECDQDwEFUj/m0SgIECBAgAABAgQIEJiBgAJpBohOQYAAAQIECBAg\nQIBAPwT6XiBdlmk6coqpekuOPX2K4x1KgAABAgQIECBAgMASCfS9QJpmKh6bg584zQkcS4AA\nAQIECBAgQIDAcgm0WiDdJ4zvTM5Mvp2cldwpqfay5FXJ5ckbkhrDickXkiuSk5PRcT0zj69M\nLk6OTYbt6KxckFyTvCe5YzJsd8jKbyV/ONxgSYAAAQIECBAgQIBA/wW2NDrEvdOv45PXJocn\nr0nOSB6fVKFURc9zkyp8XpickDwnqfGcmVSh9Nak2lFJFUMPTt6V3C2pdnZSx56bnJq8PDkp\nqfam5HeSKtQ22h6YA/dY58HTvA1wnZewGwECBAgQIECAAAECuxJotUCqfm9NXp1cl7wuuTDZ\nK6lWxc17b1nbtOn1WVYx9PnB4zOzfHoyLJBOy/pXBqkiqO4i7Zl8KXlfUu2UpM5ZBdJTkuuT\nDyUbLZAOy7GfTXZPNAIECBAgQIAAAQIElkRg9K1orXW5Cpgqjqp9Nflhcmg9SLv81sUt/61t\nnxl5XOsHjTyuQmXYzs9KPXdwUsXPRYOcl+X+yb2TKrj+R1KF1L2SOv9Dk0na17Lz3kkVdOvJ\nwyc5uX0JECBAgAABAgQIEJiPQMt3kO6eIdcdmG3JIck+yTeTarVt2K7OShU2nxtsqMLnksF6\nLaogqgKr2hFJFUPfTj6dPCoZttrvNknt+/zBxtpWhU7dkarCa5K2dYKdJ9l3gtPalQABAgQI\nECBAgACBSQRavoO0bwZyXLI5eVbyqaTe+rZjq7fCPTnZLzkgeVJS+w7bEwYr98/yyOQjgzwk\ny9pW7WnJOcnXk58byRuzflbywkQjQIAAAQIECBAgQKDnAi3fQboq9icn9Za3a5JjkrVafcHC\n25NLk7oT8+Gktg3bgVmpzy8dnLw4qd+NVO0VSd1NuiKpwuuEZPTOVB5qBAgQIECAAAECBAis\nkkDLBVIVRfdN6q7Q90Ympb5IYbTVfvV5obrjdFMyepepPj9Ure4u1fYb68GgnZblm5P9k+8O\ntu24+L0dN3hMgAABAgQIECBAgEB/BVoukIbqo8XRcNtay++vtXGw7dqdPFd3jHZWHO3kEJsJ\nECBAgAABAgQIEOirQKufQaq3y72yr+jGRYAAAQIECBAgQIBAmwKtFkj1zXTvbpNMrwgQIECA\nAAECBAgQ6KtAqwVSX72NiwABAgQIECBAgACBhgUUSA1Pjq4RIECAAAECBAgQILBYAQXSYr1d\njQABAgQIECBAgACBhgUUSA1Pjq4RIECAAAECBAgQILBYAQXSYr1djQABAgQIECBAgACBhgUU\nSA1Pjq4RIECAAAECBAgQILBYAQXSYr1djQABAgQIECBAgACBhgUUSA1Pjq4RIECAAAECBAgQ\nILBYAQXSYr1djQABAgQIECBAgACBhgUUSA1Pjq4RIECAAAECBAgQILBYAQXSYr1djQABAgQI\nECBAgACBhgUUSA1Pjq4RIECAAAECBAgQILBYAQXSYr1djQABAgQIECBAgACBhgUUSA1Pjq4R\nIECAAAECBAgQILBYAQXSYr1djQABAgQIECBAgACBhgUUSA1Pjq4RIECAAAECBAgQILBYAQXS\nYr1djQABAgQIECBAgACBhgUUSA1Pjq4RIECAAAECBAgQILBYgWkKpNukq/dJHjLo8m0X23VX\nI0CAAAECBAgQIECAwGwFNlIgHZIu/NfkB8n/Sn4vqfb25NXJXvVAI0CAAAECBAgQIECAwLIJ\nbJmww3fJ/n+T3CH5crJPMmybs/LK5LjkgcmPEo0AAQIECBAgQIAAAQJLIzDpHaT/mJHVW+se\nlhyRVLE0bE/MyinJvZNnDjdaEiBAgAABAgQIECBAYFkEJi2QHpmBnZZ8co0Bbsu2f5tcm/zs\nGs/bRIAAAQIECBAgQIAAgaYFJimQ9s1Ibp9cNGZEN+W5Lw32G7ObpwgQIECAAAECBAgQINCe\nwCQF0vfT/W8lDxozjCqi6i12F47Zx1MECBAgQIAAAQIECBBoUmCSAqkG8MHkucmLktslo23/\nPHhbsl/yl6NPWCdAgAABAgQIECBAgMAyCExaIL0kg7oy+cPkiuTnkp9I3pt8LXl8cmZybqIR\nIECAAAECBAgQIEBgqQQmLZCuyeh+Jjk92Tu5c3JQUoVRtRcndYdJI0CAAAECBAgQIECAwNIJ\nTPp7kGqAVycnJCcmhyb/JPl6UneWNAIECBAgQIAAAQIECCytwKR3kEYHets8OCDZM9k9qV8U\nqxEgQIAAAQIECBAgQGBpBTZSIN0vo/1AUr/v6K+SjybfSL6d1Jc3bOSuVA7TCBAgQIAAAQIE\nCBAg0K3ApMXMEenuJ5O6e/SJpH7nURVKByf1S2Tryxvql8Q+LdEIECBAgAABAgQIECCwVAKT\nFkhvzOjqrXQPT87bYaT1pQ1VID03eXfy54lGgAABAgQIECBAgACBpRGY5C12VUzV3aHXJzsW\nRzXgHyUvSOqXyT4q0QgQIECAAAECBAgQILBUApMWSFUkXT5mhFvz3GVJ/bJYjQABAgQIECBA\ngAABAkslMEmBVHeIPpv886S+tW6tVp9Fqt+TtNYdprX2t40AAQIECBAgQIAAAQLNCOyqQPqx\n9PT2I3lJ1qsAOit5QLJHUq2+6vvRyceTDyVnJBoBAgQIECBAgAABAgSWSqDeMjeu1Z2gn15j\nh8dmW+Xm5AdJFVLDdqesvDT53eEGSwIECBAgQIAAAQIECCyDwK4KpI9lEF/fwEA2cswGLuMQ\nAgQIECBAgAABAgQIzE5gVwXSb8zuUs5EgAABAgQIECBAgACBtgV2VSCN6/2hefLw5IDkO8nf\nJN9LNAIECBAgQIAAAQIECCylwEYKpCMy0jcl9ctiR9tNeVDb667T9tEnrBMgQIAAAQIECBAg\nQGAZBCYtkH48g/pMsm9yTvKF5Jqkth+TvDi5XfLrSX2Bg0aAAAECBAgQIECAAIGlEdg8YU/f\nk/3r2+uqGDp3h2PrK7//IDkxeVjyyURbn8BDs9unb7jhM5v23HP4zenrO9Be6xH41fXsZJ8J\nBbadeOWER9h9vQKbD5v0R/N6z7zi+91jxcc/p+FvPtzrdU60mzb/JNt52TrvPAS2v2Xz5h8+\nfx5nXvQ5d/V7kHbsz9HZcHqyY3FU+9Vb7OrtdfV5pP8v0QgQIECAAAECBAgQILBUApMUSPtl\nZPWFDF8cM8Ktee6ipH6ZrEaAAAECBAgQIECAAIGlEpikQLo2I6vcb8wI98xz90ouHbOPpwgQ\nIECAAAECBAgQINCkwCQFUg2gvpihvoDh2HqwQ9s7j+tb7O6QfHSH5zwkQIAAAQIECBAgQIBA\n8wKTfovdyzKiRydnJ/UlDPUtdn+f1LfY/VJycPLfk/cnGgECBAgQIECAAAECBJZKYNIC6bKM\n7sjkrckvJ0clw/bDrPx28rrhBksCBAgQIECAAAECBAgsk8CkBVKN7YrkMUn9vqPDkzsn9Zmj\nryU3JBoBAgQIECBAgAABAgSWUmDSAum0jPL65DeTf0jOTzQCBAgQIECAAAECBAj0QmCSL2nY\nKyN+ZnJsUl/nrREgQIAAAQIECBAgQKBXApMUSDdm5Ncl+yR+tXOvXgYGQ4AAAQIECBAgQIBA\nCUxSIG3P/v90wPa+LOvb7A5L9l0jdbdJI0CAAAECBAgQIECAwFIJTFIg1cB+L6k7SPU2u/qd\nSF9Nhr9AdnT58mzXCBAgQIAAAQIECBAgsFQCk35Jw4UZXf3eo121i3a1g+cJECBAgAABAgQI\nECDQmsCkBdJzWxuA/hAgQIAAAQIECBAgQGBWApMWSKPX3SMP7pXcMfmfyfcSjQABAgQIECBA\ngAABAksrMOlnkGqgd0k+lNTvQbogOTf5blK/LPaERCNAgAABAgQIECBAgMBSCkx6B+lnMsoP\nJHdO/jL526QKpYOTX0zelBye/KukvvVOI0CAAAECBAgQIECAwNIITFognZSR7Z08KPnrHUa5\nZx7/fvIvk/+WfCrRCBAgQIAAAQIECBAgsDQCk7zFbveM6peTU5Idi6MacP0i2SqO/i55bKIR\nIECAAAECBAgQIEBgqQQmKZDqbtPtkivGjHBbnvt6cvcx+3iKAAECBAgQIECAAAECTQpMUiDd\nkBF8PnlWsrPjDs1z90s+kWgECBAgQIAAAQIECBBYKoGdFTo7G8Sv5YkqgM5O6nNI9bmjavsk\nj0s+nNQXN/x5coeR3CbrGgECBAgQIECAAAECBJoWmPRLGt6Z0fxYcswgN2dZ32K3bzLa6nNI\no+0VefCa0Q3WCRAgQIAAAQIECBAg0JrApAVSvcXusg0M4qINHOMQAgQIECBAgAABAgQILFRg\n0gLpBQvtnYsRIECAAAECBAgQIEBggQKTfgZpgV1zKQIECBAgQIAAAQIECCxWQIG0WG9XI0CA\nAAECBAgQIECgYQEFUsOTo2sECBAgQIAAAQIECCxWQIG0WG9XI0CAAAECBAgQIECgYQEFUsOT\no2sECBAgQIAAAQIECCxWQIG0WG9XI0CAAAECBAgQIECgYQEFUsOTo2sECBAgQIAAAQIECCxW\nQIG0WG9XI0CAAAECBAgQIECgYQEFUsOTo2sECBAgQIAAAQIECCxWQIG0WG9XI0CAAAECBAgQ\nIECgYQEFUsOTo2sECBAgQIAAAQIECCxWQIG0WG9XI0CAAAECBAgQIECgYQEFUsOTo2sECBAg\nQIAAAQIECCxWQIG0WG9XI0CAAAECBAgQIECgYQEFUsOTo2sECBAgQIAAAQIECCxWQIG0WG9X\nI0CAAAECBAgQIECgYQEFUsOTo2sECBAgQIAAAQIECCxWQIG0WG9XI0CAAAECBAgQIECgYQEF\nUsOTo2sECBAgQIAAAQIECCxWQIG0WG9XI0CAAAECBAgQIECgYQEFUsOTo2sECBAgQIAAAQIE\nCCxWoO8F0mXhPHJC0t2z/x8kX0j+NvlXiUaAAAECBAgQIECAwAoIbFmBMU46xBNzwCHJA5Lb\nJBcnn0k+m2gECBAgQIAAAQIECPRYoNU7SPeJ+TuTM5NvJ2cld0qqvSx5VXJ58oakxlBFTd3x\nuSI5ORkd1zPz+MqkCp1jk2E7OisXJNck70numFQ7PXlWcvMge2ZZd5U0AgQIECBAgAABAgR6\nLjBaSLQ01L3TmeOTq5LDk28lZyTVqlD6l8mLknckL0xekDw/eVLy1OQ5ybAdlZUqhv5t8q7k\nwEHOzvJ1yb2Sa5OXJ9VuSK5L6vrnJR9I6g7SpK3uzlVxtZ64kzeprv0JECBAgAABAgQIzEGg\n5b+Yb814X51UsVKFzIXJXkm1Km7ee8vapk2vz/KtyecHj8/M8ulJbat2WvKVQaoIqrtIVbR8\nKXlfUu2UpM55Uj0YtO1Z1meQHphUEVX7r7cdlh0vStx5Wq+Y/QgQIECAAAECBAg0INBygVQF\nSRVH1b6a/DA5tB6kXX7r4pb/1rbROzy1/uyR50c/O3R+th+U1B2qehtfFTGj7a55UG/Tq1Z3\nmyqnJ3W36gXJetvXsuPPJnus84Ajs99b1rmv3QgQIECAAAECBAgQmJNAywXS3TPmugOzLakv\nTdgn+WZSrbYN29VZuXfyucGGKnwuGazXogqiKrCqHZGcl3w7+XTyqGTYar+/S+rteVWcDc9X\n649LJm1VjGkECBAgQIAAAQIECCyRQKufQSrCfZPjks3Js5JPJdcnO7YPZcOTk/2SA5InJbXv\nsD1hsHL/LOtOzUcGeUiWta3a05JzkvKot9/9u6SKx/2TZyQfSzQCBAgQIECAAAECBHou0PId\npKtif3JSnzG6JjkmWaudmo1vTy5NtiYfTmrbsB2Ylfr80sHJi5PLkmqvSOpuUr2lrgqvE5K6\nM/W25GHJl5Nq9Q13v3fLmv8QIECAAAECBAgQINBrgZYLpCqK7pvUXaHvjczC6Bcp1Oba79hk\n3+SmZPQu0/AzS3V3qbbfmAzbaVl5c7J/8t3hxizrs071TXi3TW5IqujSCBAgQIAAAQIECBBY\nAYGWC6Qh/2hxNNy21vL7a20cbKuv8V6r1R2j0eJodJ8fjD6wToAAAQIECBAgQIBA/wVa/QxS\nvV3ulf3nN0ICBAgQIECAAAECBFoSaLVAujpI724JSl8IECBAgAABAgQIEOi/QKsFUv/ljZAA\nAQIECBAgQIAAgeYEFEjNTYkOESBAgAABAgQIECDQlYACqSt51yVAgAABAgQIECBAoDkBBVJz\nU6JDBAgQIECAAAECBAh0JaBA6kredQkQIECAAAECBAgQaE5AgdTclOgQAQIECBAgQIAAAQJd\nCSiQupJ3XQIECBAgQIAAAQIEmhNQIDU3JTpEgAABAgQIECBAgEBXAgqkruRdlwABAgQIECBA\ngACB5gQUSM1NiQ4RIECAAAECBAgQINCVgAKpK3nXJUCAAAECBAgQIECgOQEFUnNTokMECBAg\nQIAAAQIECHQloEDqSt51CRAgQIAAAQIECBBoTkCB1NyU6BABAgQIECBAgAABAl0JKJC6kndd\nAgQIECBAgAABAgSaE1AgNTclOkSAAAECBAgQIECAQFcCCqSu5F2XAAECBAgQIECAAIHmBBRI\nzU2JDhEgQIAAAQIECBAg0JWAAqkredclQIAAAQIECBAgQKA5AQVSc1OiQwQIECBAgAABAgQI\ndCWgQOpK3nUJECBAgAABAgQIEGhOQIHU3JToEAECBAgQIECAAAECXQkokLqSd10CBAgQIECA\nAAECBJoTUCA1NyU6RIAAAQIECBAgQIBAVwIKpK7kXZcAAQIECBAgQIAAgeYEFEjNTYkOESBA\ngAABAgQIECDQlYACqSt51yVAgAABAgQIECBAoDkBBVJzU6JDBAgQIECAAAECBAh0JaBA6kre\ndQkQIECAAAECBAgQaE5AgdTclOgQAQIECBAgQIAAAQJdCSiQupJ3XQIECBAgQIAAAQIEmhNQ\nIDU3JTpEgAABAgQIECBAgEBXAgqkruRdlwABAgQIECBAgACB5gQUSM1NiQ4RIECAAAECBAgQ\nINCVgAKpK3nXJUCAAAECBAgQIECgOQEFUnNTokMECBAgQIAAAQIECHQloEDqSt51CRAgQIAA\nAQIECBBoTkCB1NyU6BABAgQIECBAgAABAl0JKJC6knddAgQIECBAgAABAgSaE1AgNTclOkSA\nAAECBAgQIECAQFcCCqSu5F2XAAECBAgQIECAAIHmBBRIzU2JDhEgQIAAAQIECBAg0JWAAqkr\nedclQIAAAQIECBAgQKA5gS3N9WilO/TIjH7zSgsYPAECEbgHhXkI7HasfxOch+umTR+fz2md\nddO2xxxFYQ4Cm0/0d605sG7avn37PE7byTn9adEJu4sSIECAAAECBAgQINCigAKpxVnRJwIE\nCBAgQIAAAQIEOhFQIHXC7qIECBAgQIAAAQIECLQooEBqcVb0iQABAgQIECBAgACBTgQUSJ2w\nuygBAgQIECBAgAABAi0KKJBanBV9IkCAAAECBAgQIECgEwEFUifsLkqAAAECBAgQIECAQIsC\nCqQWZ0WfCBAgQIAAAQIECBDoRECB1Am7ixIgQIAAAQIECBAg0KKAAqnFWdEnAgQIECBAgAAB\nAgQ6EVAgdcLuogQIECBAgAABAgQItCigQGpxVvSJAAECBAgQIECAAIFOBBRInbC7KAECBAgQ\nIECAAAECLQookFqcFX0iQIAAAQIECBAgQKATAQVSJ+wuSoAAAQIECBAgQIBAiwIKpBZnRZ8I\nECBAgAABAgQIEOhEQIHUCbuLEiBAgAABAgQIECDQooACqcVZ0ScCBAgQIECAAAECBDoRUCB1\nwu6iBAgQIECAAAECBAi0KKBAanFW9IkAAQIECBAgQIAAgU4EFEidsLsoAQIECBAgQIAAAQIt\nCiiQWpwVfSJAgAABAgQIECBAoBMBBVIn7C5KgAABAgQIECBAgECLAgqkFmdFnwgQIECAAAEC\nBAgQ6ERAgdQJu4sSIECAAAECBAgQINCigAKpxVnRJwIECBAgQIAAAQIEOhFQIHXC7qIECBAg\nQIAAAQIECLQooEBqcVb0iQABAgQIECBAgACBTgQUSJ2wuygBAgQIECBAgAABAi0KKJBanBV9\nIkCAAAECBAgQIECgEwEFUifsLkqAAAECBAgQIECAQIsCCqQWZ0WfCBAgQIAAAQIECBDoRECB\n1Am7ixIgQIAAAQIECBAg0KKAAqnFWdEnAgQIECBAgAABAgQ6EVAgdcLuogQIECBAgAABAgQI\ntCigQGpxVvSJAAECBAgQIECAAIFOBBRInbC7KAECBAgQIECAAAECLQookFqcFX0iQIAAAQIE\nCBAgQKATAQVSJ+wuSoAAAQIECBAgQIBAiwIKpBZnRZ8IECBAgAABAgQIEOhEQIHUCbuLEiBA\ngAABAgQIECDQooACqcVZ0ScCBAgQIECAAAECBDoRUCB1wu6iBAgQIECAAAECBAi0KKBAanFW\n9IkAAQIECBAgQIAAgU4EFEidsLsoAQIECBAgQIAAAQItCiiQWpwVfSJAgAABAgQIECBAoBMB\nBVIn7C5KgAABAgQIECBAgECLAn0vkC4L+pETwu+R/V+XnD/Ia7LcM9EIECBAgAABAgQIEOi5\nQN8LpI1M3zNz0GHJQwc5IstnJBoBAgQIECBAgAABAj0XaLVAuk/c35mcmXw7OSu5U1LtZcmr\nksuTNyQ1hhOTLyRXJCcno+OqgufK5OLk2GTYjs7KBck1yXuSOybVatu/Tm4a5G+z/PlEI0CA\nAAECBAgQIECg5wJbGh3f